10.1 10.2 10.3
11.4 11.5 11.6
12.7 12.8 12.9
100.1 100.2 100.3
102.4 102.5 102.6
1.1 2.2 3.3
2.4 3.5 4.6
101.7 101.8 101.9
3.1 4.2 5.3
103.4 103.5 103.6
20.1 20.2 20.3
21.4 21.5 21.6
22.7 22.8 22.9
200.1 200.2 200.3
202.4 202.5 202.6
5.1 6.2 7.3
6.4 7.5 8.6
201.7 201.8 201.9
7.1 8.2 9.3
203.4 203.5 203.6
10.1 10.2 10.3
11.4 11.5 11.6
12.7 12.8 12.9
100.1 100.2 100.3
102.4 102.5 102.6
1.1 2.2 3.3
2.4 3.5 4.6
101.7 101.8 101.9
3.1 4.2 5.3
103.4 103.5 103.6
20.1 20.2 20.3
21.4 21.5 21.6
22.7 22.8 22.9
200.1 200.2 200.3
202.4 202.5 202.6
5.1 6.2 7.3
6.4 7.5 8.6
201.7 201.8 201.9
7.1 8.2 9.3
203.4 203.5 203.6
10.1 10.2 10.3
11.4 11.5 11.6
12.7 12.8 12.9
100.1 100.2 100.3
102.4 102.5 102.6
1.1 2.2 3.3
2.4 3.5 4.6
101.7 101.8 101.9
3.1 4.2 5.3
103.4 103.5 103.6
20.1 20.2 20.3
21.4 21.5 21.6
22.7 22.8 22.9
200.1 200.2 200.3
202.4 202.5 202.6
5.1 6.2 7.3
6.4 7.5 8.6
201.7 201.8 201.9
7.1 8.2 9.3
203.4 203.5 203.6
10.1 10.2 10.3
11.4 11.5 11.6
12.7 12.8 12.9
100.1 100.2 100.3
102.4 102.5 102.6
1.1 2.2 3.3
2.4 3.5 4.6
101.7 101.8 101.9
3.1 4.2 5.3
103.4 103.5 103.6
20.1 20.2 20.3
21.4 21.5 21.6
22.7 22.8 22.9
200.1 200.2 200.3
202.4 202.5 202.6
5.1 6.2 7.3
6.4 7.5 8.6
201.7 201.8 201.9
7.1 8.2 9.3
203.4 203.5 203.6
10.1 10.2 10.3
11.4 11.5 11.6
12.7 12.8 12.9
100.1 100.2 100.3
102.4 102.5 102.6
1.1 2.2 3.3
2.4 3.5 4.6
101.7 101.8 101.9
3.1 4.2 5.3
103.4 103.5 103.6
20.1 20.2 20.3
21.4 21.5 21.6
22.7 22.8 22.9
200.1 200.2 200.3
202.4 202.5 202.6
5.1 6.2 7.3
6.4 7.5 8.6
201.7 201.8 201.9
7.1 8.2 9.3
203.4 203.5 203.6
10.1 10.2 10.3
11.4 11.5 11.6
12.7 12.8 12.9
100.1 100.2 100.3
102.4 102.5 102.6
1.1 2.2 3.3
2.4 3.5 4.6
101.7 101.8 101.9
3.1 4.2 5.3
103.4 103.5 103.6
20.1 20.2 20.3
21.4 21.5 21.6
22.7 22.8 22.9
200.1 200.2 200.3
202.4 202.5 202.6
5.1 6.2 7.3
6.4 7.5 8.6
201.7 201.8 201.9
7.1 8.2 9.3
203.4 203.5 203.6
10.1 10.2 10.3
11.4 11.5 11.6
12.7 12.8 12.9
100.1 100.2 100.3
102.4 102.5 102.6
1.1 2.2 3.3
2.4 3.5 4.6
101.7 101.8 101.9
3.1 4.2 5.3
103.4 103.5 103.6
20.1 20.2 20.3
21.4 21.5 21.6
22.7 22.8 22.9
200.1 200.2 200.3
202.4 202.5 202.6
5.1 6.2 7.3
6.4 7.5 8.6
201.7 201.8 201.9
7.1 8.2 9.3
203.4 203.5 203.6
